12570.4238 885.4880
789.5063 658.1731
734.4245 1114.4250
725.3275 972.8073
665.2984 1175.5118
607.6100 907.7957
618.6498 381.1723
559.2918 409.2366
591.7489 417.8754
527.5076 368.2278
462.7589 360.7374
544.0569 747.2779
482.9752 382.8501
514.6038 353.5966
459.3787 382.7705
485.4206 481.0666
476.5319 422.0494
547.6585 476.7932
520.0266 587.4266
438.5106 448.7482
470.4158 348.8666
427.5879 370.6088
492.8950 363.6213
474.8787 360.7089
432.9857 440.3004
418.2362 317.8461
449.2641 428.1939
395.2963 354.2102
539.3272 362.4876
538.7604 439.8996
