2886.6917 1186.4783
1097.9528 909.5656
880.3417 866.3916
769.0871 707.2572
688.6879 578.4555
629.3898 576.7714
626.3768 593.2518
614.6035 574.4446
557.5128 533.4228
593.5862 608.4844
577.1708 567.0806
565.9999 512.0915
547.4611 516.1658
549.0229 558.7701
558.4461 513.1537
539.5478 531.5469
525.1511 494.3668
517.2330 523.9734
496.8137 492.5885
501.1775 477.4302
504.5863 509.2068
515.7875 477.2311
518.5527 506.9622
505.8556 579.4133
483.7948 463.1980
496.6418 480.7152
487.0443 476.7852
516.9506 494.4012
484.9028 470.7260
493.5596 488.0736
